function [permanent_loc, permanent_dipo, induce_loc, induce_u, eddy_loc, eddy_R, eddy_radius,electric_loc,electric_dipo,displayment_loc,displayment_dipo] = init_set()

%与恒定场有关的参数设置
%磁偶极子坐标，3*10  假设磁力仪是在导弹头上，较大的磁干扰位置为弹尾的发动机和弹头的伺服系统
permanent_loc = [
    18, 17, 16, 12, 10, 6,  5,  4,  0,  0;
    0,  0,  0,  0,  0,  0,  0,  0,  4,  4;
    0,  0,  0,  0,  0,  0,  0,  0,  0,  0;
    ];
%每个布点的磁偶极矩，3*12
px = [1980.00, 1980.00, 1980.00, 1980.00, 1980.00, 1980.00, 1980.00, 1980.00, 1980.00, 1980.00];
py = [1980.00, 1980.00, 1980.00, 1980.00, 1980.00, 1980.00, 1980.00, 1980.00, 1980.00, 1980.00];
pz = [1980.00, 1980.00, 1980.00, 1980.00, 1980.00, 1980.00, 1980.00, 1980.00, 1980.00, 1980.00];

permanent_dipo = 0.8*[px; py; 0.3*pz];

%与感应场有关的参数设置
%感应场计算单元在机体坐标系中的坐标，3*21
induce_loc = [
   18, 17, 16, 16,  12,  10,  6,  5, 4,  4,  0,  0;
      0,  0,  0,  0,   0,   0,  0,  0, 0,  0,  4,  4;
      0,  0,  0,  0,   0,   0,  0,  0, 0,  0,  0,  0;
];
%感应磁场计算单元的磁化率，3*21
ux = [1980.00, 1980.00, 1980.00, 1980.00, 1980.00, 1980.00, 1980.00, 1980.00, 1980.00, 1980.00, 1980.00, 1980.00];
uy = [1980.00, 1980.00, 1980.00, 1980.00, 1980.00, 1980.00, 1980.00, 1980.00, 1980.00, 1980.00, 1980.00, 1980.00];
uz = [1980.00, 1980.00, 1980.00, 1980.00, 1980.00, 1980.00, 1980.00, 1980.00, 1980.00, 1980.00, 1980.00, 1980.00];
induce_u = 0.00002*[ux; 0.5*uy; 0.3*uz];

%与涡流场有关的参数设置
%导电线圈在飞机坐标系中的坐标
eddy_loc = [
    16.5, 13.5, 13.5, 13.5,  0,   0,  0,  0;
       0,    0,    0,    0,  4,  -3   0,  0;
       0,    0,    0,    0   0,   0   3,  4;
];
%导电线圈的电阻
eddy_R = [
    1.15e-8,   1.15e-8,   1.15e-8,   1.15e-8,         0,         0,         0,         0;
          0,         0,         0,         0,   1.16e-8,   1.16e-8,         0,         0;
          0,         0,         0,         0,         0,         0,   1.16e-8,   1.16e-8;
];
%导电线圈的半径
eddy_radius = [
    3.6,   3.6,   3.6,   3.6,     0,     0,     0,     0;
      0,     0,     0,     0,   1.0,   1.0,     0,     0;
      0,     0,     0,     0,     0,     0,   1.0,   1.0;
];
%16为机械位移的，4为用电设备的，
%用电设备磁偶极子
electric_loc = [
    4
    0;
    0;
    ];
ex =  1980.00;
ey =  1980.00;
ez =  1980.00;
electric_dipo = 0.8*[ex; ey; 0.3*ez];
%机械位移磁偶极子
displayment_loc = [
    16;
    0;
    0;
    ];
dx =  1980.00;
dy =  1980.00;
dz =  1980.00;
displayment_dipo = 0.8*[dx; dy; 0.3*dz];
end