function [permanent_loc, permanent_dipo, induce_loc, induce_u, eddy_loc, eddy_R, eddy_radius] = init_set()
permanent_loc = [
    35, 32, 29, 26, 23, 20, 18, 17, 16,  15,  14,   0,   0,   0,   0,   0,    0,    0,   0,   0,   0;
     0,  0,  0,  0,  0,  0,  0,  0,  0,   0,   0,   4,   4,   3,   3,   5,    5,    0,   0,   0,   0;
     0,  0,  0,  0,  0,  0,  0,  0,  0,   0,   0,   0,   0,   0,   0,   0,    0,    3,   3    4,   4;
];
px = [1980.00, 1980.00, 1980.00, 1980.00, 1980.00, 1980.00, 1980.00, 1980.00, 1980.00, 1980.00, 1980.00, 1980.00, 1980.00, 1980.00, 1980.00, 1980.00, 1980.00, 1980.00, 1980.00, 1980.00, 1980.00];
py = [1980.00, 1980.00, 1980.00, 1980.00, 1980.00, 1980.00, 1980.00, 1980.00, 1980.00, 1980.00, 1980.00, 1980.00, 1980.00, 1980.00, 1980.00, 1980.00, 1980.00, 1980.00, 1980.00, 1980.00, 1980.00];
pz = [1980.00, 1980.00, 1980.00, 1980.00, 1980.00, 1980.00, 1980.00, 1980.00, 1980.00, 1980.00, 1980.00, 1980.00, 1980.00, 1980.00, 1980.00, 1980.00, 1980.00, 1980.00, 1980.00, 1980.00, 1980.00];

permanent_dipo = 0.8*[px; py; 0.3*pz];

%感应场计算单元在机体坐标系中的坐标3*21
induce_loc = [
    35, 32, 29, 26, 23, 20, 18, 17, 16,  15,  14,   0,   0,   0,   0,   0,    0,    0,   0,   0,   0;
     0,  0,  0,  0,  0,  0,  0,  0,  0,   0,   0,   4,   4,   3,   3,   5,    5,    0,   0,   0,   0;
     0,  0,  0,  0,  0,  0,  0,  0,  0,   0,   0,   0,   0,   0,   0,   0,    0,    3,   3    4,   4;
];
%感应磁场计算单元的磁化率3*21
ux = [1980.00, 1980.00, 1980.00, 1980.00, 1980.00, 1980.00, 1980.00, 1980.00, 1980.00, 1980.00, 1980.00, 1980.00, 1980.00, 1980.00, 1980.00, 1980.00, 1980.00, 1980.00, 1980.00, 1980.00, 1980.00];
uy = [1980.00, 1980.00, 1980.00, 1980.00, 1980.00, 1980.00, 1980.00, 1980.00, 1980.00, 1980.00, 1980.00, 1980.00, 1980.00, 1980.00, 1980.00, 1980.00, 1980.00, 1980.00, 1980.00, 1980.00, 1980.00];
uz = [1980.00, 1980.00, 1980.00, 1980.00, 1980.00, 1980.00, 1980.00, 1980.00, 1980.00, 1980.00, 1980.00, 1980.00, 1980.00, 1980.00, 1980.00, 1980.00, 1980.00, 1980.00, 1980.00, 1980.00, 1980.00];
induce_u = 0.00002*[ux; 0.5*uy; 0.3*uz];

%导电线圈在飞机坐标系中的坐标
eddy_loc = [
    16.5, 13.5, 13.5, 13.5,  0,   0,  0,  0;
       0,    0,    0,    0,  4,  -3   0,  0;
       0,    0,    0,    0   0,   0   3,  4;
];
%导电线圈的电阻
eddy_R = [
    1.15e-8,   1.15e-8,   1.15e-8,   1.15e-8,         0,         0,         0,         0;
          0,         0,         0,         0,   1.16e-8,   1.16e-8,         0,         0;
          0,         0,         0,         0,         0,         0,   1.16e-8,   1.16e-8;
];
%导电线圈的半径
eddy_radius = [
    3.6,   3.6,   3.6,   3.6,     0,     0,     0,     0;
      0,     0,     0,     0,   1.0,   1.0,     0,     0;
      0,     0,     0,     0,     0,     0,   1.0,   1.0;
];
end